	16SBCL589	16SBCL588	16SBCL1143	16SBCL1142	16SBCL1141	16SBCL582	16SBCL585	16SBCL584	16SBCL587	16SBCL1144	NY83905351	NY83909353	NY84159705	15SBCL899	NY82541265	17SBSCL739	17SBSCL738	16SBCL575	16SBCL576	16SBCL577	16SBCL570	16SBCL571	16SBCL572	NY83906252	NY87439862	16SBCL578	16SBCL579	16SBCL581	16SBCL107	16SBCL106	NY82540082	16SBCL580	16SBCL109	16SBCL583	16SBCL599	16SBCL596A	16SBCL596B	17SBCL19	16SBCL591	NY82540943	16SBCL1130	16SBCL595	NY82540655	NY83909666	W7KF	17SBCL1132	CC88A	16SBCL586	16SBCL1433	16SBCL1432	16SBCL1431	16SBCL1435	16SBCL1434	17SBCL83	17SBCL86	16SBCL618	NY84139278	17SBCL85	17SBCL82	16SBCL113	16SBCL110	16SBCL111	16SBCL611	16SBCL610	NY83901777	16SBCL615	16SBCL617	16SBCL616	17SBCL67	16SBCL1129	16SBCL1128	16SBCL648	16SBCL593B	16SBCL1127	16SBCL1126	NY84135159	11-37KF	NY83899388	17SBCL767	17SBCL87	17SBCL768	16SBCL608	16SBCL609	16SBCL602	16SBCL603	16SBCL600	16SBCL601	16SBCL606	16SBCL607	16SBCL604	16SBCL605	NY87439753	17SBCL80	NY87437283	NY83905249	17SBCL81	NY87455467	17SBCL79	NY84139376	NY83906602	16SBCL1590	16SBCL1591	16SBCL1592	NY84141151	16SBCL1344	NY83909409	NY83906155	NY84141319	17SBCL335	NY84149594	16SBCL525	17SBCL88	NY82540322	NY82544264	16SBCL632	16SBCL529	16SBCL528	16SBCL1589	16SBCL1588	NY87454804	16SBCL1587	16SBCL1586	16SBCL1585	16SBCL1584	NY82540577	NY82541080	NY83905795	NY83905468	NY84135059	NY83906647	NY82544306	16SBCL538	16SBCL530	16SBCL531	16SBCL532	NY84139692	16SBCL537	16SBCL620	16SBCL621	NY87454897	16SBCL624	16SBCL625	16SBCL627	16SBCL628	16SBCL629	16SBCL941	16SBCL940	16SBCL1079	16SBCL1078	16SBCL945	16SBCL944	16SBCL592A	16SBCL592B	NY87454849	NY87439973	15SBCL1664	NY84134821	16SBCL593A	NY83906076	NY84140474	NY84139156	15SBCL900	17SBCL339	17SBCL338	15-92KF	NY87455557	B16-24350-3CP	B16-24350-1CP	16SBCL939	17SBCL337	17SBCL336	17SBCL20	17SBCL21	17SBCL22	17SBCL23	16SBCL943	16SBCL942	NY87436858	17SBSCL513	17SBSCL512	NY84136597	16SBCL1082	16SBCL1083	16SBCL1080	16SBCL1081	18SBCL173	NY82539716	NY83890009	NY83906509	17SBCL1133	NY82539841	17SBCL1137	17SBCL1136	15-52KF	17SBCL1134	16SBCL590B	16SBCL590A	NY87455425	NY87455515	16SBCL631	NY83889968	NY82541376	NY83906381	16SBCL1552	NY87454761	16SBCL563	NY83905721	16SBCL567	16SBCL566	16SBCL565	16SBCL564	NY83906307	NY83909731	15SBCL801	16SBCL816	NY82544348
16SBCL589	0	0.000100226	0.0319999	0.0319999	0.0275686	0.0000667668	0.000234565	0.00576467	0.000133735	0.0298092	0.0315912	0.0301973	0.0311872	0.0286704	0.0291403	0.0169704	0.0169704	0.0296167	0.0371889	0.00962446	0.0302951	0.0386409	0.0353376	0.0286704	0.0290458	0.0318973	0.0315912	0.000133735	0.0100239	0.00884323	0.0304913	0.000167294	0.00739338	0.000167294	0.000167294	0.0304913	0.0304913	0.00455892	0.000167294	0.0292351	0.00623792	0.0298092	0.00982345	0.0294254	0.0294254	0.0303931	0.158042	0.0000667668	0.0167776	0.0167776	0.0167776	0.0167776	0.0167776	0.0297128	0.0298092	0.0148562	0.017491	0.0299058	0.0297128	0.00918216	0.0160187	0.0288576	0.0288576	0.0288576	0.0295209	0.0161438	0.0162065	0.0162065	0.032622	0.00623792	0.00606479	0.0315912	0.000133735	0.00628139	0.00623792	0.0300999	0.00879517	0.0291403	0.0330428	0.0298092	0.0321028	0.00918216	0.00757592	0.0295209	0.0311872	0.0311872	0.0295209	0.00822527	0.00817834	0.0311872	0.00817834	0.0289516	0.0298092	0.0289516	0.0297128	0.0298092	0.0176225	0.0300027	0.0190402	0.0307879	0.0294254	0.0304913	0.0400231	0.0172947	0.0315912	0.0285772	0.0288576	0.01736	0.0311872	0.0304913	0.0292351	0.0299058	0.0297128	0.0288576	0.0303931	0.00967407	0.00957495	0.0304913	0.00162399	0.0296167	0.0015882	0.0015882	0.00162399	0.00162399	0.00987343	0.00846121	0.0289516	0.0299058	0.0293301	0.0302951	0.0289516	0.0433643	0.00957495	0.00957495	0.00957495	0.0296167	0.0283916	0.0298092	0.02712	0.0299058	0.0170997	0.0166497	0.0166497	0.0166497	0.0307879	0.00962446	0.00937782	0.0376666	0.0376666	0.00957495	0.00942697	0.000608215	0.000133735	0.0297128	0.0287639	0.00997368	0.0303931	0.000133735	0.0290458	0.01736	0.01736	0.0298092	0.0311872	0.0311872	0.0169704	0.017491	0.0396411	0.0395146	0.00962446	0.0311872	0.0311872	0.00443753	0.00447793	0.00447793	0.00447793	0.00962446	0.00962446	0.0316929	0.00879517	0.00879517	0.0291403	0.0376666	0.027031	0.0376666	0.0376666	0.00908487	0.0105319	0.00987343	0.032622	0.0336836	0.0297128	0.00879517	0.00923094	0.0383949	0.0296167	0.000133735	0.000100226	0.0174254	0.0174254	0.0305899	0.0100743	0.0177547	0.0297128	0.0395146	0.0295209	0.0100239	0.0306887	0.00952553	0.00952553	0.00957495	0.0100239	0.0288576	0.0292351	0.0315912	0.0306887	0.0291403
16SBCL588	0.000100226	0	0.0319999	0.0318973	0.0274784	0.000100226	0.000133735	0.00563716	0.000100226	0.0297128	0.0315912	0.0300999	0.0311872	0.0286704	0.0291403	0.016906	0.016906	0.0296167	0.0371889	0.00952553	0.0301973	0.0385177	0.0353376	0.0286704	0.0290458	0.0317949	0.0315912	0.000100226	0.00992351	0.00869931	0.0303931	0.0000667668	0.0073026	0.0000667668	0.000133735	0.0303931	0.0303931	0.00443753	0.0000667668	0.0292351	0.0061512	0.0298092	0.00967407	0.0294254	0.0294254	0.0302951	0.158042	0.0000333584	0.0167776	0.0167776	0.0167776	0.0167776	0.0167776	0.0297128	0.0297128	0.0148562	0.0174254	0.0298092	0.0297128	0.00903637	0.0159563	0.0287639	0.0287639	0.0287639	0.0294254	0.0160812	0.0161438	0.0161438	0.032622	0.0061512	0.00593572	0.0315912	0.000100226	0.00619452	0.0061512	0.0300999	0.00869931	0.0291403	0.0330428	0.0297128	0.0321028	0.00908487	0.00743889	0.0294254	0.0310869	0.0310869	0.0295209	0.00808473	0.00803806	0.0310869	0.00803806	0.0288576	0.0297128	0.0289516	0.0297128	0.0297128	0.0175567	0.0300027	0.0189712	0.0307879	0.0294254	0.0303931	0.0398954	0.0172947	0.0314898	0.0285772	0.0288576	0.01736	0.0311872	0.0304913	0.0291403	0.0298092	0.0297128	0.0288576	0.0303931	0.00952553	0.0094762	0.0303931	0.00151678	0.0295209	0.00155246	0.00148116	0.00151678	0.00151678	0.00977356	0.00831938	0.0288576	0.0299058	0.0292351	0.0302951	0.0289516	0.043225	0.0094762	0.0094762	0.0094762	0.0295209	0.0283916	0.0297128	0.02712	0.0299058	0.0170997	0.0166497	0.0166497	0.0166497	0.0306887	0.0094762	0.00923094	0.0376666	0.0376666	0.0094762	0.00927981	0.000573989	0.000100226	0.0297128	0.0287639	0.00992351	0.0302951	0.000100226	0.0289516	0.01736	0.0172947	0.0297128	0.0311872	0.0311872	0.016906	0.017491	0.0395146	0.0396411	0.00952553	0.0311872	0.0311872	0.00431674	0.00435693	0.00435693	0.00435693	0.00952553	0.00952553	0.0316929	0.00869931	0.00869931	0.0290458	0.0376666	0.0269422	0.0376666	0.0376666	0.00893962	0.0104807	0.00972377	0.0325175	0.033576	0.0297128	0.00869931	0.00913347	0.0382725	0.0296167	0.0000333584	0	0.01736	0.0174254	0.0304913	0.00992351	0.0176885	0.0297128	0.0395146	0.0294254	0.00992351	0.0305899	0.00942697	0.00942697	0.0094762	0.00992351	0.0288576	0.0292351	0.0314898	0.0306887	0.0290458
16SBCL1143	0.0319999	0.0319999	0	0.000200904	0.0149163	0.0318973	0.0321028	0.032622	0.0319999	0.0191788	0.0186283	0.0172947	0.0170997	0.0198813	0.0186966	0.0301973	0.0300999	0.0211879	0.0278407	0.0317949	0.0144396	0.0285772	0.0243845	0.0195984	0.019318	0.0184244	0.0192483	0.0319999	0.0317949	0.0311872	0.0168417	0.0319999	0.0307879	0.0319999	0.0321028	0.016906	0.016906	0.0314898	0.0319999	0.0197395	0.0321028	0.0172295	0.0304913	0.0148562	0.0177547	0.0149764	0.169415	0.0319999	0.030987	0.030987	0.030987	0.030987	0.030987	0.0135097	0.0134526	0.0303931	0.0323095	0.0135097	0.0135097	0.0313886	0.0289516	0.0188336	0.0133956	0.0133956	0.0203828	0.0303931	0.0302951	0.0302951	0.0133387	0.0321028	0.0318973	0.0180208	0.0319999	0.0321028	0.0321028	0.0160187	0.0315912	0.0207462	0.0206003	0.0134526	0.0221669	0.032622	0.0313886	0.0128319	0.0115243	0.0115243	0.0128319	0.0310869	0.0310869	0.0115243	0.0310869	0.0194579	0.0134526	0.0193879	0.0199525	0.0134526	0.0324134	0.0136242	0.0332552	0.0160187	0.0171646	0.0125543	0.0367172	0.0323095	0.014558	0.0151576	0.019318	0.032206	0.017035	0.0159563	0.0162694	0.0135097	0.0208193	0.0186283	0.0158941	0.0314898	0.0314898	0.0125543	0.0319999	0.01577	0.0321028	0.0319999	0.0319999	0.0321028	0.0303931	0.0313886	0.0170997	0.0165224	0.0184244	0.0146174	0.018765	0.0368346	0.0314898	0.0314898	0.0314898	0.01577	0.0149163	0.0160187	0.0186283	0.0159563	0.0314898	0.0310869	0.0311872	0.0310869	0.01577	0.0314898	0.0314898	0.0279319	0.0279319	0.0314898	0.0314898	0.0317949	0.0319999	0.015832	0.0183568	0.0316929	0.0155235	0.0319999	0.0160812	0.032206	0.0323095	0.0213365	0.017035	0.017035	0.0300999	0.0323095	0.0293301	0.0291403	0.0315912	0.017035	0.017035	0.0314898	0.0314898	0.0314898	0.0314898	0.0314898	0.0315912	0.017954	0.0315912	0.0315912	0.0194579	0.0279319	0.0181547	0.0279319	0.0279319	0.0314898	0.032206	0.0327267	0.0202387	0.0201669	0.0162065	0.0307879	0.0311872	0.0289516	0.0206003	0.0319999	0.0319999	0.0324134	0.0323095	0.0135669	0.0319999	0.0324134	0.0155235	0.036136	0.015832	0.0319999	0.0132819	0.0315912	0.0315912	0.0315912	0.0319999	0.0190402	0.0162065	0.012665	0.0222435	0.0195984
16SBCL1142	0.0319999	0.0318973	0.000200904	0	0.0148562	0.0317949	0.0321028	0.0327267	0.0321028	0.0189712	0.0184244	0.0171646	0.0167776	0.0198103	0.0185602	0.0300027	0.0300027	0.0209662	0.0275686	0.0317949	0.0143806	0.0285772	0.0243026	0.0195984	0.0192483	0.0184922	0.0194579	0.0321028	0.0316929	0.0310869	0.0167136	0.0321028	0.0307879	0.0319999	0.0321028	0.0169704	0.0169704	0.0315912	0.0319999	0.0197395	0.0321028	0.017035	0.0304913	0.0148562	0.0175567	0.0149764	0.166367	0.0319999	0.0308873	0.030987	0.0308873	0.030987	0.0308873	0.0133387	0.0132819	0.0302951	0.0321028	0.0132253	0.0133387	0.0312878	0.0287639	0.0186283	0.0132819	0.0132819	0.0203107	0.0302951	0.0301973	0.0301973	0.0131687	0.032206	0.0319999	0.017821	0.0318973	0.032206	0.032206	0.0158941	0.0314898	0.0206732	0.0206003	0.0132819	0.0219382	0.0324134	0.0312878	0.013056	0.0116844	0.0116844	0.0129998	0.0310869	0.0310869	0.0116844	0.0310869	0.019318	0.0132819	0.0192483	0.0200238	0.0132819	0.0323095	0.0135097	0.0329371	0.015832	0.0172947	0.0124991	0.0364836	0.0321028	0.0144987	0.01534	0.0191788	0.0321028	0.0168417	0.015832	0.0160812	0.0132253	0.0207462	0.0184922	0.0158941	0.0314898	0.0314898	0.0124991	0.0318973	0.015832	0.0319999	0.0318973	0.0318973	0.0319999	0.0304913	0.0314898	0.0172295	0.0162694	0.0183568	0.0147366	0.0186283	0.0368346	0.0314898	0.0314898	0.0314898	0.0157082	0.0146769	0.0161438	0.0184922	0.0160187	0.0311872	0.030987	0.030987	0.030987	0.0158941	0.0315912	0.0313886	0.0278407	0.0278407	0.0315912	0.0313886	0.0317949	0.0321028	0.015832	0.0182219	0.0314898	0.0154622	0.0318973	0.0162065	0.0321028	0.032206	0.0211138	0.016906	0.016906	0.0300027	0.0323095	0.0295209	0.0293301	0.0315912	0.016906	0.016906	0.0315912	0.0315912	0.0315912	0.0315912	0.0315912	0.0315912	0.017821	0.0314898	0.0315912	0.0192483	0.0278407	0.0180208	0.0278407	0.0278407	0.0314898	0.0323095	0.032622	0.0202387	0.0202387	0.0161438	0.0308873	0.0311872	0.0290458	0.0204552	0.0319999	0.0318973	0.032206	0.032206	0.0137393	0.0321028	0.0321028	0.01534	0.0360209	0.0158941	0.0321028	0.0131687	0.0316929	0.0316929	0.0316929	0.0321028	0.0190402	0.0161438	0.0125543	0.0221669	0.019528
16SBCL1141	0.0275686	0.0274784	0.0149163	0.0148562	0	0.0275686	0.0275686	0.0284843	0.0275686	0.0183568	0.017491	0.0156465	0.0176225	0.0186283	0.016906	0.0273885	0.0272987	0.0176225	0.0249637	0.0276591	0.0151576	0.0274784	0.0241394	0.0185602	0.0184922	0.017821	0.0184244	0.0275686	0.0282992	0.0266773	0.0160187	0.0275686	0.0267654	0.0275686	0.0275686	0.0156465	0.0156465	0.02712	0.0275686	0.0186966	0.0280234	0.015832	0.0272093	0.0147963	0.0159563	0.0168417	0.169415	0.0275686	0.0258093	0.0258951	0.0258093	0.0258951	0.0258093	0.015832	0.01577	0.0259811	0.0285772	0.015832	0.015832	0.0267654	0.0252151	0.0170997	0.0151576	0.0151576	0.0170997	0.0260673	0.0259811	0.0259811	0.015401	0.0280234	0.0279319	0.0155849	0.0274784	0.0280234	0.0280234	0.015832	0.02712	0.0170997	0.0202387	0.01577	0.0197395	0.0280234	0.027031	0.015832	0.0160187	0.0160187	0.015832	0.0267654	0.0267654	0.0160187	0.0267654	0.0184922	0.01577	0.0184244	0.019528	0.01577	0.0286704	0.0160187	0.0295209	0.0152791	0.0155235	0.0143806	0.034446	0.0284843	0.0163957	0.0147366	0.0184244	0.0284843	0.0162694	0.0176885	0.0146174	0.015832	0.01736	0.017491	0.016459	0.027031	0.0269422	0.0143806	0.0278407	0.0161438	0.0278407	0.0278407	0.0278407	0.0278407	0.02712	0.027031	0.015832	0.0150971	0.016459	0.0167136	0.0177547	0.0357917	0.0269422	0.0269422	0.0269422	0.0161438	0.0137393	0.015401	0.0160187	0.0163325	0.0265019	0.0258951	0.0260673	0.0258951	0.0154622	0.0267654	0.0265895	0.0273885	0.0273885	0.0268537	0.0265895	0.0273885	0.0275686	0.0162694	0.0172947	0.0272093	0.01577	0.0274784	0.0161438	0.0284843	0.0285772	0.017821	0.0162065	0.0162065	0.0272987	0.0285772	0.0291403	0.0289516	0.0269422	0.0162065	0.0162065	0.02712	0.02712	0.02712	0.02712	0.0268537	0.0269422	0.0174254	0.02712	0.02712	0.0186283	0.0273885	0.00869931	0.0273885	0.0273885	0.0266773	0.0283916	0.0272093	0.0197395	0.0203828	0.0150971	0.0269422	0.0265019	0.0280234	0.0182893	0.0275686	0.0274784	0.0286704	0.0285772	0.0157082	0.0282992	0.0286704	0.0149163	0.0342266	0.0161438	0.0278407	0.015832	0.0274784	0.0274784	0.0274784	0.0279319	0.0182219	0.0152791	0.0150367	0.0206732	0.0186283
16SBCL582	0.0000667668	0.000100226	0.0318973	0.0317949	0.0275686	0	0.000234565	0.00576467	0.000133735	0.0298092	0.0315912	0.0301973	0.0311872	0.0286704	0.0291403	0.0169704	0.0169704	0.0296167	0.0371889	0.00962446	0.0302951	0.0386409	0.0353376	0.0286704	0.0290458	0.0318973	0.0315912	0.000133735	0.0100239	0.00884323	0.0304913	0.000167294	0.00739338	0.000167294	0.000167294	0.0304913	0.0304913	0.00455892	0.000167294	0.0292351	0.00623792	0.0298092	0.00982345	0.0294254	0.0294254	0.0303931	0.158042	0.000133735	0.0167776	0.0167776	0.0167776	0.0167776	0.0167776	0.0297128	0.0298092	0.0148562	0.017491	0.0299058	0.0297128	0.00918216	0.0160187	0.0288576	0.0288576	0.0288576	0.0295209	0.0161438	0.0162065	0.0162065	0.032622	0.00623792	0.00606479	0.0315912	0.000133735	0.00628139	0.00623792	0.0300999	0.00879517	0.0291403	0.0330428	0.0298092	0.0321028	0.00918216	0.00757592	0.0295209	0.0311872	0.0311872	0.0295209	0.00822527	0.00817834	0.0311872	0.00817834	0.0289516	0.0298092	0.0289516	0.0297128	0.0298092	0.0176225	0.0300027	0.0190402	0.0307879	0.0294254	0.0304913	0.0400231	0.0172947	0.0315912	0.0285772	0.0288576	0.01736	0.0311872	0.0304913	0.0292351	0.0299058	0.0297128	0.0288576	0.0303931	0.00967407	0.00957495	0.0304913	0.00162399	0.0296167	0.00165984	0.0015882	0.00162399	0.00162399	0.00987343	0.00846121	0.0289516	0.0299058	0.0293301	0.0302951	0.0289516	0.0433643	0.00957495	0.00957495	0.00957495	0.0296167	0.0283916	0.0298092	0.02712	0.0299058	0.0170997	0.0166497	0.0166497	0.0166497	0.0307879	0.00962446	0.00937782	0.0376666	0.0376666	0.00957495	0.00942697	0.000608215	0.000133735	0.0297128	0.0287639	0.00997368	0.0303931	0.000133735	0.0290458	0.01736	0.01736	0.0298092	0.0311872	0.0311872	0.0169704	0.017491	0.0396411	0.0395146	0.00962446	0.0311872	0.0311872	0.00443753	0.00447793	0.00447793	0.00447793	0.00962446	0.00962446	0.0316929	0.00879517	0.00879517	0.0291403	0.0376666	0.027031	0.0376666	0.0376666	0.00908487	0.0105319	0.00987343	0.032622	0.0336836	0.0297128	0.00879517	0.00923094	0.0383949	0.0296167	0.000133735	0.000100226	0.0174254	0.0174254	0.0305899	0.0100743	0.0177547	0.0297128	0.0395146	0.0295209	0.0100239	0.0306887	0.00952553	0.00952553	0.00957495	0.0100239	0.0288576	0.0292351	0.0315912	0.0306887	0.0291403
16SBCL585	0.000234565	0.000133735	0.0321028	0.0321028	0.0275686	0.000234565	0	0.00580732	0.000234565	0.0298092	0.0317949	0.0301973	0.0312878	0.0286704	0.0291403	0.0170997	0.0170997	0.0297128	0.0373077	0.00967407	0.0302951	0.0386409	0.0354506	0.0286704	0.0291403	0.0318973	0.0315912	0.000100226	0.0100743	0.00884323	0.0305899	0.000133735	0.00725733	0.000133735	0.000200904	0.0305899	0.0305899	0.00443753	0.0000667668	0.0292351	0.00628139	0.0299058	0.00987343	0.0295209	0.0294254	0.0305899	0.158042	0.000167294	0.0168417	0.016906	0.0168417	0.016906	0.0168417	0.0299058	0.0300027	0.0149764	0.0175567	0.0300027	0.0299058	0.00913347	0.0160812	0.0288576	0.0289516	0.0289516	0.0296167	0.0162694	0.0163325	0.0163325	0.032622	0.00628139	0.00610796	0.0316929	0.000100226	0.00632494	0.00628139	0.0301973	0.00884323	0.0291403	0.0332552	0.0300027	0.0323095	0.00923094	0.00762176	0.0296167	0.0311872	0.0311872	0.0296167	0.00827228	0.00822527	0.0311872	0.00822527	0.0289516	0.0300027	0.0290458	0.0298092	0.0300027	0.0176225	0.0300999	0.0191094	0.030987	0.0294254	0.0304913	0.0401513	0.01736	0.0315912	0.0286704	0.0289516	0.01736	0.0312878	0.0304913	0.0292351	0.0300027	0.0296167	0.0289516	0.0304913	0.00967407	0.00962446	0.0304913	0.00165984	0.0296167	0.00162399	0.00162399	0.0015882	0.0015882	0.00992351	0.00850865	0.0290458	0.0299058	0.0295209	0.0302951	0.0290458	0.0436445	0.00962446	0.00962446	0.00962446	0.0296167	0.0283916	0.0298092	0.0272987	0.0300027	0.0172947	0.0168417	0.0168417	0.0168417	0.030987	0.00962446	0.00942697	0.037787	0.0379078	0.00962446	0.0094762	0.000642494	0.000167294	0.0297128	0.0288576	0.0100239	0.0304913	0.000100226	0.0291403	0.01736	0.0174254	0.0298092	0.0311872	0.0311872	0.0170997	0.0175567	0.0395146	0.0396411	0.00967407	0.0311872	0.0311872	0.00447793	0.00435693	0.00435693	0.00435693	0.00967407	0.00967407	0.0317949	0.0087472	0.00884323	0.0293301	0.037787	0.02712	0.037787	0.037787	0.00913347	0.0105832	0.00992351	0.0328318	0.0336836	0.0299058	0.00884323	0.00927981	0.0383949	0.0296167	0.000100226	0.000133735	0.017491	0.0174254	0.0307879	0.0101248	0.0177547	0.0297128	0.039768	0.0296167	0.0100239	0.0307879	0.00957495	0.00952553	0.00957495	0.0100239	0.0288576	0.0292351	0.0316929	0.0307879	0.0293301
16SBCL584	0.00576467	0.00563716	0.032622	0.0327267	0.0284843	0.00576467	0.00580732	0	0.0057221	0.0301973	0.0312878	0.0301973	0.0305899	0.0288576	0.0294254	0.0174254	0.0174254	0.0288576	0.0367172	0.00325617	0.0295209	0.0386409	0.0347778	0.0293301	0.0288576	0.0317949	0.0314898	0.00576467	0.0104295	0.00771369	0.0297128	0.0057221	0.0101753	0.00567959	0.00580732	0.0300999	0.0300999	0.00831938	0.0057221	0.0298092	0.00865152	0.0300999	0.00869931	0.0290458	0.0300999	0.0300999	0.155502	0.00567959	0.0180877	0.0181547	0.0180877	0.0181547	0.0180877	0.0295209	0.0295209	0.015832	0.017491	0.0296167	0.0295209	0.0087472	0.0165224	0.028207	0.0290458	0.0290458	0.0304913	0.0169704	0.017035	0.017035	0.0330428	0.00855619	0.00893962	0.032206	0.00576467	0.00860381	0.00855619	0.0300999	0.00500931	0.0298092	0.0338998	0.0295209	0.0318973	0.0107895	0.0101753	0.0297128	0.0315912	0.0315912	0.0297128	0.00942697	0.00937782	0.0315912	0.00937782	0.0287639	0.0295209	0.0287639	0.0297128	0.0295209	0.017491	0.0297128	0.0189023	0.0315912	0.0297128	0.0311872	0.0406685	0.01736	0.030987	0.0294254	0.0294254	0.01736	0.0319999	0.0319999	0.0291403	0.0296167	0.0300027	0.0292351	0.030987	0.00884323	0.0087472	0.0311872	0.00672031	0.0301973	0.00672031	0.00667607	0.00672031	0.00672031	0.00865152	0.00827228	0.0290458	0.0308873	0.0300999	0.0303931	0.0292351	0.0444972	0.0087472	0.0087472	0.0087472	0.0301973	0.0282992	0.0308873	0.0277498	0.0306887	0.0182219	0.0177547	0.0177547	0.0177547	0.0307879	0.0087472	0.00898795	0.0387644	0.0388884	0.0087472	0.00903637	0.00606479	0.00567959	0.0303931	0.0293301	0.0110497	0.0300999	0.00576467	0.0297128	0.0172947	0.01736	0.0292351	0.0318973	0.0318973	0.0174254	0.0174254	0.0406685	0.0406685	0.00879517	0.0318973	0.0318973	0.00817834	0.00822527	0.00822527	0.00822527	0.00879517	0.00879517	0.0314898	0.0050921	0.00500931	0.0289516	0.0387644	0.0276591	0.0387644	0.0387644	0.00879517	0.00918216	0.0106862	0.0329371	0.0338998	0.0289516	0.00918216	0.00641226	0.0388884	0.0303931	0.00567959	0.00563716	0.0174254	0.0174254	0.0300027	0.00937782	0.0176885	0.0305899	0.04028	0.0301973	0.00372173	0.0301973	0.00325617	0.00321778	0.00321778	0.00372173	0.0294254	0.0300027	0.0323095	0.0308873	0.0289516
16SBCL587	0.000133735	0.000100226	0.0319999	0.0321028	0.0275686	0.000133735	0.000234565	0.0057221	0	0.0298092	0.0316929	0.0302951	0.0311872	0.0286704	0.0291403	0.0169704	0.0169704	0.0297128	0.0373077	0.00957495	0.0302951	0.0386409	0.0354506	0.0286704	0.0290458	0.0318973	0.0315912	0.000133735	0.00997368	0.00869931	0.0305899	0.000167294	0.00734795	0.000100226	0.000167294	0.0305899	0.0305899	0.00455892	0.000167294	0.0292351	0.00623792	0.0299058	0.00977356	0.0295209	0.0294254	0.0304913	0.158042	0.000133735	0.0167776	0.0167776	0.0167776	0.0167776	0.0167776	0.0298092	0.0299058	0.0149163	0.0175567	0.0300027	0.0298092	0.00913347	0.0160187	0.0288576	0.0288576	0.0288576	0.0295209	0.0162065	0.0162065	0.0162065	0.032622	0.00623792	0.00606479	0.0316929	0.000200904	0.00628139	0.00623792	0.0300999	0.0087472	0.0292351	0.0331488	0.0299058	0.032206	0.00913347	0.00757592	0.0295209	0.0311872	0.0311872	0.0296167	0.00817834	0.00813149	0.0311872	0.00813149	0.0289516	0.0299058	0.0289516	0.0298092	0.0299058	0.0176225	0.0300999	0.0191094	0.0308873	0.0295209	0.0304913	0.0400231	0.01736	0.0315912	0.0286704	0.0288576	0.01736	0.0311872	0.0304913	0.0292351	0.0300027	0.0297128	0.0288576	0.0304913	0.00962446	0.00952553	0.0304913	0.00162399	0.0296167	0.0015882	0.0015882	0.00162399	0.00162399	0.00982345	0.00841385	0.0289516	0.0299058	0.0294254	0.0302951	0.0289516	0.0435041	0.00952553	0.00952553	0.00952553	0.0296167	0.0283916	0.0298092	0.0272093	0.0299058	0.0171646	0.0167136	0.0167136	0.0167136	0.0308873	0.00957495	0.00932877	0.0376666	0.037787	0.00952553	0.00937782	0.000608215	0.000133735	0.0297128	0.0288576	0.00992351	0.0304913	0.000200904	0.0291403	0.01736	0.0174254	0.0298092	0.0311872	0.0311872	0.0169704	0.0175567	0.0396411	0.0396411	0.00957495	0.0311872	0.0311872	0.00443753	0.00447793	0.00447793	0.00447793	0.00957495	0.00957495	0.0317949	0.0087472	0.0087472	0.0292351	0.0376666	0.027031	0.0376666	0.0376666	0.00903637	0.0104807	0.00982345	0.0327267	0.0336836	0.0298092	0.0087472	0.00918216	0.0383949	0.0296167	0.000133735	0.000100226	0.017491	0.0174254	0.0306887	0.0100239	0.0177547	0.0297128	0.0396411	0.0296167	0.00997368	0.0307879	0.0094762	0.0094762	0.00952553	0.00992351	0.0288576	0.0292351	0.0316929	0.0307879	0.0292351
16SBCL1144	0.0298092	0.0297128	0.0191788	0.0189712	0.0183568	0.0298092	0.0298092	0.0301973	0.0298092	0	0.0188336	0.0178874	0.0205277	0.01534	0.01534	0.0286704	0.0285772	0.0172295	0.0241394	0.0298092	0.018765	0.0263274	0.0230985	0.0152791	0.0148562	0.0203828	0.0213365	0.0298092	0.0292351	0.0284843	0.0178874	0.0298092	0.0284843	0.0298092	0.0298092	0.0191788	0.0191788	0.0296167	0.0298092	0.0154622	0.0290458	0.0189023	0.0296167	0.016906	0.0149163	0.0188336	0.158042	0.0298092	0.0289516	0.0289516	0.0289516	0.0289516	0.0289516	0.0186283	0.0185602	0.0274784	0.0298092	0.0185602	0.0186283	0.0307879	0.0273885	0.0106347	0.0184244	0.0184244	0.0146174	0.0272987	0.0272093	0.0272093	0.0176885	0.0290458	0.0290458	0.0217112	0.0297128	0.0289516	0.0290458	0.017821	0.0295209	0.0159563	0.0230985	0.0185602	0.0224744	0.0300999	0.0291403	0.0184922	0.0196688	0.0196688	0.0184922	0.0283916	0.0283916	0.0196688	0.0283916	0.0149764	0.0185602	0.0149163	0.0162694	0.0185602	0.0300027	0.0186966	0.0311872	0.01736	0.0194579	0.0198103	0.0332552	0.0298092	0.0199525	0.01736	0.0151576	0.0298092	0.0207462	0.0200952	0.0172947	0.0185602	0.016459	0.0168417	0.018765	0.0303931	0.0303931	0.0198103	0.0300027	0.0197395	0.0300999	0.0300027	0.0300027	0.0300999	0.0295209	0.0300999	0.0184244	0.0180877	0.0147366	0.0203107	0.0172295	0.0359061	0.0303931	0.0303931	0.0303931	0.0197395	0.0167136	0.0180877	0.0151576	0.0200952	0.0289516	0.0282992	0.0284843	0.0282992	0.0180877	0.0304913	0.0303931	0.030987	0.0310869	0.0304913	0.0303931	0.0298092	0.0298092	0.0198103	0.0167136	0.0297128	0.0188336	0.0297128	0.0180877	0.0298092	0.0299058	0.0174254	0.0206732	0.0206732	0.0285772	0.0299058	0.0323095	0.0315912	0.0304913	0.0206732	0.0206732	0.0296167	0.0296167	0.0296167	0.0296167	0.0304913	0.0304913	0.0206003	0.0295209	0.0295209	0.0149764	0.030987	0.0188336	0.030987	0.030987	0.0291403	0.0307879	0.0284843	0.0217867	0.0238155	0.0172295	0.0296167	0.0289516	0.0323095	0.0223972	0.0298092	0.0297128	0.0299058	0.0299058	0.019318	0.0301973	0.0300999	0.0170997	0.0328318	0.0198103	0.0296167	0.0198103	0.0297128	0.0297128	0.0297128	0.0297128	0.0149163	0.0188336	0.0177547	0.0175567	0.0152183
NY83905351	0.0315912	0.0315912	0.0186283	0.0184244	0.017491	0.0315912	0.0317949	0.0312878	0.0316929	0.0188336	0	0.0160187	0.0166497	0.0198103	0.0166497	0.030987	0.030987	0.0198813	0.0269422	0.0304913	0.0168417	0.028115	0.0246314	0.0201669	0.0197395	0.0147366	0.015401	0.0316929	0.0308873	0.0291403	0.0169704	0.0316929	0.0300027	0.0315912	0.0317949	0.0158941	0.0158941	0.0313886	0.0315912	0.0200238	0.0313886	0.0166497	0.0298092	0.0160187	0.0172295	0.0190402	0.162063	0.0315912	0.0312878	0.0312878	0.0312878	0.0312878	0.0312878	0.01736	0.0174254	0.0290458	0.0323095	0.017491	0.01736	0.0305899	0.0278407	0.0180877	0.0184922	0.0184922	0.0200952	0.0289516	0.0289516	0.0289516	0.0183568	0.0312878	0.0310869	0.0191788	0.0315912	0.0312878	0.0312878	0.0161438	0.0303931	0.0199525	0.0171646	0.0174254	0.0178874	0.0311872	0.030987	0.0176885	0.0184922	0.0184922	0.0177547	0.0304913	0.0304913	0.0184922	0.0304913	0.0198813	0.0174254	0.0198103	0.0197395	0.0174254	0.0325175	0.0176225	0.0330428	0.0177547	0.017954	0.0192483	0.0359061	0.032206	0.0182893	0.0162694	0.0200238	0.032206	0.0168417	0.0194579	0.0166497	0.017491	0.0201669	0.0182893	0.017954	0.0307879	0.0306887	0.0192483	0.0318973	0.0169704	0.0319999	0.0318973	0.0318973	0.0319999	0.0298092	0.0300999	0.0162065	0.0162694	0.017954	0.0182219	0.0188336	0.0348891	0.0306887	0.0306887	0.0306887	0.0169704	0.0163325	0.0165224	0.0184244	0.0172295	0.0304913	0.0300999	0.0300999	0.0300999	0.0170997	0.0305899	0.0304913	0.027031	0.02712	0.0305899	0.0304913	0.0315912	0.0316929	0.0169704	0.0182893	0.0297128	0.0176225	0.0315912	0.0163957	0.032206	0.0324134	0.0200952	0.0167776	0.0167776	0.030987	0.0324134	0.0292351	0.0286704	0.0305899	0.0167776	0.0167776	0.0313886	0.0313886	0.0313886	0.0313886	0.0305899	0.0305899	0.0139127	0.0303931	0.0303931	0.0198813	0.027031	0.0196688	0.027031	0.027031	0.0310869	0.0311872	0.030987	0.017491	0.0172295	0.016586	0.0298092	0.0294254	0.0273885	0.0189712	0.0315912	0.0315912	0.0324134	0.032206	0.0169704	0.030987	0.0323095	0.0151576	0.0354506	0.017035	0.0307879	0.0176225	0.0304913	0.0304913	0.0304913	0.0307879	0.0196688	0.016586	0.0175567	0.0218624	0.0200952
NY83909353	0.0301973	0.0300999	0.0172947	0.0171646	0.0156465	0.0301973	0.0301973	0.0301973	0.0302951	0.0178874	0.0160187	0	0.01577	0.017954	0.016906	0.0282992	0.0284843	0.0186283	0.0257238	0.0294254	0.0149163	0.02712	0.0231773	0.0188336	0.0186966	0.016906	0.0174254	0.0300999	0.0296167	0.0289516	0.0166497	0.0300999	0.028115	0.0300027	0.0301973	0.0167136	0.0167136	0.0296167	0.0300027	0.0191094	0.0304913	0.016906	0.0301973	0.01534	0.0163325	0.0176225	0.162063	0.0301973	0.0289516	0.0289516	0.0289516	0.0289516	0.0289516	0.0155849	0.0155849	0.0280234	0.0303931	0.0155235	0.0155849	0.0297128	0.0276591	0.0167136	0.0161438	0.0161438	0.0182219	0.0278407	0.0278407	0.0278407	0.016459	0.0305899	0.0304913	0.0189712	0.0300027	0.0305899	0.0305899	0.0136242	0.0294254	0.0184244	0.0188336	0.0155849	0.0202387	0.0307879	0.0287639	0.0161438	0.0162694	0.0162694	0.0160812	0.0290458	0.0290458	0.0162694	0.0290458	0.018765	0.0155849	0.0186966	0.0184922	0.0155849	0.0304913	0.0156465	0.0313886	0.014029	0.017035	0.0176885	0.0345563	0.0303931	0.017035	0.0168417	0.0188336	0.0302951	0.0125543	0.016459	0.0155849	0.0155235	0.018765	0.0182219	0.0133387	0.0296167	0.0296167	0.0176885	0.0306887	0.0143806	0.0305899	0.0306887	0.0306887	0.0305899	0.0300027	0.0300999	0.0159563	0.0128319	0.0166497	0.01736	0.0183568	0.0360209	0.0296167	0.0296167	0.0296167	0.0142629	0.01534	0.0138548	0.0170997	0.014558	0.0293301	0.0290458	0.0289516	0.0290458	0.0136242	0.0295209	0.0294254	0.0278407	0.0278407	0.0295209	0.0294254	0.0298092	0.0300999	0.0143806	0.017954	0.0293301	0.0143217	0.0300027	0.017491	0.0302951	0.0302951	0.0186283	0.0126096	0.0126096	0.0284843	0.0304913	0.030987	0.0305899	0.0296167	0.0126096	0.0126096	0.0298092	0.0296167	0.0296167	0.0296167	0.0295209	0.0296167	0.0177547	0.0294254	0.0294254	0.018765	0.0278407	0.0171646	0.0278407	0.0278407	0.0296167	0.0305899	0.0300999	0.0186966	0.0192483	0.0160812	0.0295209	0.0287639	0.0278407	0.019528	0.0300027	0.0300999	0.0304913	0.0303931	0.0165224	0.0301973	0.0301973	0.0129437	0.0343361	0.0144396	0.0297128	0.0160812	0.0294254	0.0294254	0.0294254	0.0298092	0.0185602	0.017035	0.0155849	0.0202387	0.0190402
NY84159705	0.0311872	0.0311872	0.0170997	0.0167776	0.0176225	0.0311872	0.0312878	0.0305899	0.0311872	0.0205277	0.0166497	0.01577	0	0.0209662	0.0191094	0.0295209	0.0297128	0.0220905	0.0285772	0.0300027	0.0146769	0.0283916	0.0247142	0.0199525	0.0198813	0.017954	0.0190402	0.0311872	0.0305899	0.0305899	0.0177547	0.0311872	0.0300999	0.0311872	0.0312878	0.016586	0.016586	0.0306887	0.0311872	0.0200952	0.0315912	0.0172947	0.0300999	0.0163325	0.0184244	0.016906	0.156758	0.0311872	0.0300999	0.0301973	0.0300999	0.0301973	0.0300999	0.016586	0.0166497	0.0298092	0.0315912	0.016586	0.016586	0.0310869	0.0292351	0.0205277	0.0172295	0.0172295	0.0213365	0.0295209	0.0295209	0.0295209	0.0182219	0.0316929	0.0315912	0.0178874	0.0311872	0.0316929	0.0316929	0.0156465	0.0299058	0.0212621	0.0199525	0.0166497	0.0219382	0.0313886	0.0314898	0.017035	0.0166497	0.0166497	0.0169704	0.0303931	0.0303931	0.0166497	0.0303931	0.0200238	0.0166497	0.0199525	0.0208927	0.0166497	0.0316929	0.0167776	0.0332552	0.014029	0.0161438	0.0175567	0.0376666	0.0315912	0.017821	0.0166497	0.0198103	0.0315912	0.0160187	0.0178874	0.0172295	0.016586	0.0215608	0.0196688	0.0150367	0.030987	0.030987	0.0175567	0.0313886	0.0152791	0.0313886	0.0313886	0.0313886	0.0313886	0.0300027	0.0302951	0.0171646	0.0152183	0.0191788	0.017035	0.0198103	0.0368346	0.030987	0.030987	0.030987	0.0151576	0.0160187	0.0155849	0.0191788	0.0154622	0.0307879	0.0305899	0.0304913	0.0305899	0.0147963	0.0308873	0.0307879	0.0287639	0.0287639	0.0308873	0.0307879	0.030987	0.0311872	0.0152791	0.019318	0.0300999	0.0155849	0.0311872	0.016586	0.0315912	0.0314898	0.0220905	0.0160812	0.0160812	0.0297128	0.0316929	0.0290458	0.0289516	0.0308873	0.0160812	0.0160812	0.0304913	0.0304913	0.0304913	0.0304913	0.0308873	0.0308873	0.0185602	0.0299058	0.0300027	0.0200238	0.0287639	0.0194579	0.0287639	0.0287639	0.0302951	0.0317949	0.0301973	0.0195984	0.0206003	0.0172947	0.0296167	0.0297128	0.0291403	0.0216359	0.0311872	0.0311872	0.0316929	0.0316929	0.0167776	0.0316929	0.0317949	0.0139708	0.0370704	0.01534	0.0301973	0.0165224	0.0300027	0.0300027	0.0300027	0.0302951	0.0194579	0.0169704	0.015401	0.0234152	0.0203107
15SBCL899	0.0286704	0.0286704	0.0198813	0.0198103	0.0186283	0.0286704	0.0286704	0.0288576	0.0286704	0.01534	0.0198103	0.017954	0.0209662	0	0.0144987	0.0282992	0.028115	0.0156465	0.0229413	0.028115	0.0188336	0.0165224	0.0131123	0.0148562	0.0137393	0.0198813	0.0206732	0.0286704	0.0272093	0.0272987	0.0176885	0.0286704	0.0273885	0.0286704	0.0286704	0.0177547	0.0177547	0.0278407	0.0286704	0.0149764	0.0279319	0.017491	0.0289516	0.0171646	0.0150367	0.0205277	0.166367	0.0286704	0.0275686	0.0275686	0.0275686	0.0275686	0.0275686	0.0190402	0.0189712	0.0269422	0.028207	0.0189712	0.0190402	0.0292351	0.0265895	0.0138548	0.0184922	0.0184922	0.0152791	0.0267654	0.0266773	0.0266773	0.0194579	0.0279319	0.0275686	0.0211879	0.0286704	0.0278407	0.0279319	0.0180877	0.0277498	0.0149764	0.0238962	0.0189712	0.0208193	0.0283916	0.0280234	0.0201669	0.0202387	0.0202387	0.0202387	0.0275686	0.0275686	0.0202387	0.0275686	0.0138548	0.0189712	0.013797	0.0106347	0.0189712	0.0282992	0.0191094	0.0294254	0.0186283	0.0194579	0.019528	0.0356776	0.028115	0.0205277	0.0180877	0.0147366	0.028115	0.0202387	0.0199525	0.0175567	0.0189712	0.0155235	0.0155235	0.0192483	0.0294254	0.0294254	0.019528	0.0286704	0.0188336	0.0287639	0.0286704	0.0286704	0.0287639	0.0287639	0.0284843	0.016586	0.0184922	0.0158941	0.0207462	0.0158941	0.0367172	0.0294254	0.0294254	0.0294254	0.0189712	0.0162694	0.0190402	0.0150971	0.019318	0.0278407	0.0273885	0.0274784	0.0273885	0.0178874	0.0294254	0.0293301	0.0302951	0.0302951	0.0294254	0.0293301	0.0284843	0.0286704	0.0191094	0.015401	0.0274784	0.0188336	0.0286704	0.0175567	0.028115	0.028115	0.0158941	0.0201669	0.0201669	0.028115	0.0282992	0.0325175	0.0316929	0.0295209	0.0201669	0.0201669	0.0278407	0.0278407	0.0278407	0.0278407	0.0294254	0.0295209	0.0200952	0.0277498	0.0277498	0.0138548	0.0302951	0.0182893	0.0302951	0.0302951	0.0279319	0.0287639	0.0287639	0.0211138	0.0240581	0.0168417	0.0283916	0.0272093	0.0305899	0.0212621	0.0286704	0.0286704	0.0282992	0.028207	0.0202387	0.0285772	0.0283916	0.0181547	0.0352249	0.0190402	0.0280234	0.0203107	0.0279319	0.0279319	0.0279319	0.0280234	0.0144987	0.018765	0.0190402	0.00227793	0.0140873
NY82541265	0.0291403	0.0291403	0.0186966	0.0185602	0.016906	0.0291403	0.0291403	0.0294254	0.0291403	0.01534	0.0166497	0.016906	0.0191094	0.0144987	0	0.0280234	0.0278407	0.0165224	0.0238155	0.0286704	0.017035	0.0254684	0.0223972	0.0139708	0.0131123	0.0180877	0.0189023	0.0291403	0.0283916	0.0278407	0.0141457	0.0291403	0.02712	0.0291403	0.0291403	0.0155849	0.0155849	0.0287639	0.0291403	0.0140873	0.0283916	0.0159563	0.0290458	0.0143217	0.00443753	0.0183568	0.169415	0.0291403	0.02712	0.0272093	0.02712	0.0272093	0.02712	0.0149163	0.0148562	0.0265019	0.0289516	0.0149163	0.0149163	0.0287639	0.0258093	0.0143806	0.01577	0.01577	0.0152791	0.0263274	0.0262405	0.0262405	0.0169704	0.0283916	0.0282992	0.0203107	0.0291403	0.0284843	0.0283916	0.0162065	0.0283916	0.0149163	0.0207462	0.0148562	0.0189023	0.0293301	0.0285772	0.0161438	0.0175567	0.0175567	0.0162065	0.0285772	0.0285772	0.0175567	0.0285772	0.0132253	0.0148562	0.0131687	0.0160187	0.0148562	0.0290458	0.0150367	0.0302951	0.0165224	0.0186283	0.0183568	0.0329371	0.0288576	0.0181547	0.0146174	0.0142042	0.0287639	0.0188336	0.0184922	0.013797	0.0149163	0.0152791	0.00641226	0.0175567	0.0290458	0.0290458	0.0183568	0.0295209	0.0181547	0.0295209	0.0295209	0.0295209	0.0295209	0.0287639	0.0293301	0.0151576	0.0172947	0.0148562	0.0172295	0.00663191	0.0343361	0.0290458	0.0290458	0.0290458	0.0182219	0.0146769	0.017035	0.0150971	0.0184922	0.0272987	0.0268537	0.0269422	0.0268537	0.0168417	0.0289516	0.0289516	0.028115	0.028207	0.0289516	0.0289516	0.0290458	0.0291403	0.0182219	0.00610796	0.0280234	0.0176225	0.0291403	0.01577	0.0287639	0.0289516	0.0167136	0.018765	0.018765	0.0278407	0.0289516	0.0298092	0.0293301	0.0290458	0.018765	0.018765	0.0287639	0.0287639	0.0287639	0.0287639	0.0289516	0.0290458	0.0186283	0.0283916	0.0284843	0.0132253	0.028115	0.0177547	0.028115	0.028115	0.0284843	0.0294254	0.0289516	0.0189712	0.0207462	0.0134526	0.0283916	0.0276591	0.0289516	0.0200952	0.0291403	0.0291403	0.0290458	0.0288576	0.0176225	0.0291403	0.0292351	0.0162694	0.0327267	0.0182893	0.0285772	0.0165224	0.0284843	0.0284843	0.0284843	0.0285772	0.0138548	0.016586	0.0170997	0.0167776	0.0135669
17SBSCL739	0.0169704	0.016906	0.0301973	0.0300027	0.0273885	0.0169704	0.0170997	0.0174254	0.0169704	0.0286704	0.030987	0.0282992	0.0295209	0.0282992	0.0280234	0	0.0000667668	0.0288576	0.0359061	0.014558	0.0289516	0.04028	0.0367172	0.0273885	0.0276591	0.0312878	0.0316929	0.017035	0.0163325	0.0142629	0.0300027	0.0169704	0.0160187	0.0169704	0.017035	0.0305899	0.0305899	0.0169704	0.017035	0.0278407	0.0174254	0.0296167	0.0170997	0.0297128	0.0279319	0.0308873	0.163464	0.0169704	0.00913347	0.00918216	0.00908487	0.00913347	0.00913347	0.0296167	0.0296167	0.0115243	0.010226	0.0295209	0.0296167	0.0160812	0.00918216	0.0272987	0.0284843	0.0284843	0.0289516	0.0106862	0.0106862	0.0106862	0.0310869	0.0175567	0.0172947	0.0307879	0.0169704	0.0176225	0.0175567	0.0291403	0.0141457	0.0283916	0.0330428	0.0296167	0.030987	0.0162065	0.0163325	0.0298092	0.0305899	0.0305899	0.0297128	0.0163325	0.0163325	0.0305899	0.0163325	0.0276591	0.0296167	0.0275686	0.0290458	0.0296167	0.0104295	0.0297128	0.0116844	0.0290458	0.0280234	0.0296167	0.0405386	0.0101248	0.0313886	0.0280234	0.0274784	0.0101753	0.0307879	0.0318973	0.0289516	0.0295209	0.0286704	0.0276591	0.0300999	0.016459	0.016459	0.0296167	0.016906	0.0291403	0.016906	0.016906	0.0169704	0.016906	0.0170997	0.0161438	0.0295209	0.0280234	0.0294254	0.0307879	0.0278407	0.0428099	0.0163957	0.016459	0.016459	0.0290458	0.0294254	0.0293301	0.0269422	0.0292351	0.00918216	0.00893962	0.00884323	0.00889138	0.0291403	0.0163957	0.0162065	0.0379078	0.038029	0.016459	0.0162065	0.0167136	0.0169704	0.0291403	0.0275686	0.0158941	0.0291403	0.0169704	0.0286704	0.0100743	0.010226	0.0289516	0.0308873	0.0308873	0.000100226	0.0102767	0.0391377	0.0382725	0.0165224	0.0308873	0.0308873	0.016906	0.0169704	0.0169704	0.0169704	0.016459	0.0165224	0.0319999	0.0142629	0.0141457	0.0276591	0.0379078	0.0275686	0.0379078	0.0379078	0.0149764	0.0174254	0.015401	0.0315912	0.0336836	0.0295209	0.0160187	0.0148562	0.0385177	0.0283916	0.0169704	0.016906	0.0101753	0.0102767	0.0304913	0.0168417	0.0105319	0.0282992	0.0404091	0.0291403	0.0152183	0.0303931	0.0146769	0.0146174	0.014558	0.0152183	0.0274784	0.0300027	0.0290458	0.0300999	0.0276591
17SBSCL738	0.0169704	0.016906	0.0300999	0.0300027	0.0272987	0.0169704	0.0170997	0.0174254	0.0169704	0.0285772	0.030987	0.0284843	0.0297128	0.028115	0.0278407	0.0000667668	0	0.0288576	0.0359061	0.014558	0.0289516	0.0401513	0.0366002	0.0272093	0.0275686	0.0313886	0.0316929	0.017035	0.0163325	0.0143806	0.0299058	0.0169704	0.0160187	0.0169704	0.017035	0.0307879	0.0307879	0.0169704	0.017035	0.0277498	0.0175567	0.0296167	0.0170997	0.0299058	0.0279319	0.0307879	0.164899	0.0169704	0.00903637	0.00908487	0.00898795	0.00903637	0.00903637	0.0296167	0.0295209	0.0114181	0.0101248	0.0295209	0.0296167	0.0160812	0.00908487	0.0272093	0.0283916	0.0283916	0.0287639	0.0106862	0.0105832	0.0105832	0.030987	0.0175567	0.0172947	0.030987	0.0169704	0.0176225	0.0175567	0.0291403	0.0141457	0.028207	0.0330428	0.0295209	0.0311872	0.0162694	0.0163957	0.0297128	0.0305899	0.0305899	0.0297128	0.0163325	0.0163325	0.0305899	0.0163325	0.0275686	0.0295209	0.0274784	0.0289516	0.0295209	0.0103276	0.0296167	0.0116309	0.0290458	0.0280234	0.0296167	0.0405386	0.0100743	0.0313886	0.0280234	0.0273885	0.0100743	0.0308873	0.0318973	0.0287639	0.0295209	0.0284843	0.0275686	0.0300999	0.016459	0.016459	0.0296167	0.016906	0.0291403	0.016906	0.016906	0.0169704	0.016906	0.0170997	0.0161438	0.0295209	0.028115	0.0293301	0.0305899	0.0277498	0.0428099	0.0163957	0.016459	0.016459	0.0291403	0.0295209	0.0292351	0.0268537	0.0294254	0.00927981	0.00884323	0.00893962	0.00879517	0.0291403	0.0163957	0.0162065	0.0379078	0.038029	0.016459	0.0162065	0.0167136	0.0169704	0.0293301	0.0274784	0.0159563	0.0291403	0.0169704	0.0286704	0.0100239	0.0101248	0.0291403	0.0308873	0.0308873	0.0000333584	0.0101753	0.0391377	0.0382725	0.0165224	0.0308873	0.0308873	0.016906	0.0169704	0.0169704	0.0169704	0.016459	0.0165224	0.0319999	0.0142629	0.0141457	0.0275686	0.0379078	0.0275686	0.0379078	0.0379078	0.0149764	0.0174254	0.015401	0.0314898	0.0336836	0.0293301	0.0160187	0.0148562	0.0385177	0.0282992	0.0169704	0.016906	0.0101248	0.010226	0.0303931	0.0168417	0.0104295	0.028207	0.0404091	0.0291403	0.0152183	0.0302951	0.0146769	0.0146174	0.014558	0.0152183	0.0272987	0.0300027	0.0289516	0.0300027	0.0274784
